seq
节点参数: 8 汤普森采样
模型个数, 时间, 覆盖率%, branch, lines
10, 34.65, 33.33, 1290, 126
20, 70.8, 50.0, 2167, 189
30, 103.59, 47.92, 1746, 167
40, 139.36, 54.17, 2219, 202
50, 184.45, 58.33, 2400, 220
60, 200.2, 62.5, 2316, 212
70, 231.29, 60.42, 2565, 234
80, 266.58, 68.75, 2842, 255
90, 288.88, 70.83, 2850, 252
100, 340.78, 70.83, 3094, 267

节点参数: 8  随机采样
模型个数, 时间, 覆盖率%, branch, lines
10, 31.31, 31.25, 1236, 119
20, 61.73, 45.83, 1729, 166
30, 101.25, 60.42, 2518, 233
40, 126.91, 52.08, 1977, 179
50, 172.4, 66.67, 2671, 240
60, 201.59, 66.67, 2918, 249
70, 232.17, 64.58, 2547, 235
80, 254.44, 68.75, 2902, 260
90, 289.22, 72.92, 3015, 267
100, 319.75, 72.92, 3248, 281

dag
节点参数: 8 random
模型个数, 时间, 覆盖率%, branch, lines
5, 16.57, 33.93, 1846, 155
10, 31.98, 44.64, 1988, 186
15, 52.66, 55.36, 2354, 217
20, 63.59, 64.29, 3029, 273
25, 88.12, 75.0, 3423, 301
30, 103.44, 76.79, 3301, 300
35, 129.05, 69.64, 3115, 282
40, 138.27, 82.14, 3675, 329
45, 165.5, 76.79, 3599, 318
50, 175.14, 78.57, 3560, 315


节点参数: 8 汤普森采样
模型个数, 时间, 覆盖率%, branch, lines
5, 15.61, 30.91, 1313, 121
10, 36.38, 52.73, 2091, 190
15, 55.16, 54.55, 2451, 214
20, 70.97, 60.0, 3245, 274
25, 85.43, 67.27, 3186, 287
30, 100.13, 61.82, 2746, 251
35, 118.52, 61.82, 2466, 230
40, 147.21, 67.27, 3189, 282
45, 166.34, 72.73, 2878, 271
50, 179.21, 76.36, 3396, 307


seq
节点参数: 8  汤普森采样
模型个数, 时间, 覆盖率%, branch, lines
10, 32.51, 36.17, 1302, 114
20, 72.32, 44.68, 1869, 149
30, 111.42, 48.94, 2045, 167
40, 136.13, 51.06, 2078, 170
50, 164.48, 55.32, 2188, 182
60, 196.04, 53.19, 2260, 187
70, 233.01, 65.96, 2941, 252
80, 263.74, 61.7, 2639, 222
90, 294.7, 61.7, 2457, 207
100, 331.29, 59.57, 2529, 213


seq 随机采样
节点参数: 8 
模型个数, 时间, 覆盖率%, branch, lines
20, 49.0, 48.94, 2045, 167
40, 97.19, 51.06, 2078, 170
60, 150.79, 61.7, 2639, 222
80, 201.57, 61.7, 2639, 222
100, 247.23, 65.96, 2941, 252
120, 304.07, 72.34, 2878, 271
140, 354.12, 68.09, 2902, 260
160, 401.06, 74.47, 3423, 301
180, 451.66, 70.21, 3094, 267
200, 506.64, 70.21, 3094, 267

seq 汤普森采样
节点参数: 8
模型个数, 时间, 覆盖率%, branch, lines
20, 48.8, 48.94, 2149, 188
40, 100.21, 68.09, 2885, 257
60, 150.8, 61.7, 2699, 230
80, 197.28, 63.83, 2538, 226
100, 251.07, 70.21, 2770, 246
120, 303.02, 65.96, 2472, 230
140, 347.01, 68.09, 2519, 231
160, 406.13, 68.09, 2642, 241
180, 461.51, 68.09, 2962, 253
200, 510.91, 70.21, 2813, 250


